1310
229
52
1519
564
502
458
286
1509
210
1386
1517
1828
1117
179
1210
865
66
62
192
448
477
1035
1233
55
1150
408
1467
1331
1437
860
452
920
1207
570
1658
1781
14
1555
1651
327
1430
866
697
319
441
1961
1564
690
190
779
199
736
1736
705
1237
542
1653
89
1495
941
1099
256
1993
1889
776
162
1131
601
1699
1288
1267
1814
1765
741
1183
394
1443
143
94
1355
467
1584
593
164
1752
1775
207
929
1302
1709
748
334
759
728
430
1373
547
1438
1919
1400
1328
147
1248
1301
351
1094
1494
335
947
778
553
1896
1311
1410
1141
450
1403
665
1727
1574
1590
115
470
1684
1649
647
822
549
136
433
1871
1932
1162
1795
1471
645
436
1343
1023
811
1812
1873
1317
940
293
543
506
1526
1104
539
1530
1198
878
1839
1196
818
742
284
1044
1011
187
1548
97
1764
225
314
1286
328
1623
1394
1222
131
789
782
1221
959
1084
515
1989
1134
1763
1931
24
1477
235
1397
1813
1100
1538
1575
1313
602
891
324
930
7
1954
1479
1794
1474
540
1991
1026
1561
366
1040
1870
218
1783
1281
612
1724
1309
766
1562
331
1105
1953
1595
1890
1087
1882
2
1227
664
1001
40
230
1903
744
1800
1704
630
491
119
494
1799
1940
176
1499
996
1672
142
1558
1091
1569
258
263
1352
974
1126
339
1081
1787
1243
867
1976
434
1547
1413
412
1461
639
1376
765
898
1843
1060
925
248
508
461
132
693
44
1205
1135
472
1206
15
146
1450
1293
121
469
139
1855
65
1761
677
1053
488
571
1371
995
439
271
1482
1916
1808
1170
1181
969
498
1607
1654
834
390
194
1350
883
726
868
842
957
1770
111
1380
1339
1324
202
125
825
1492
695
1640
224
510
393
919
288
376
948
512
1791
1891
155
908
1655
1754
1128
201
104
1336
1108
1713
31
1985
1898
1544
1739
485
341
833
986
438
1771
1849
338
777
5
800
544
1606
1608
932
585
1427
1497
1605
1139
1356
1472
997
318
389
608
446
1984
120
1187
1507
1111
1532
643
118
103
1197
977
1030
1883
1747
1088
323
117
1968
1041
165
1744
381
141
1219
140
1383
1766
482
827
246
1929
1824
1167
505
1186
1218
82
1269
168
859
1347
1158
1071
648
1915
535
419
1372
644
489
269
1322
615
937
1540
1917
149
20
939
1273
1154
205
151
1102
437
1037
272
1912
715
1805
1801
501
757
584
1708
1113
1441
620
1253
1340
17
1368
1674
1136
614
1909
1359
213
1923
276
237
1823
220
1521
558
578
1239
432
1470
703
417
1408
1299
541
1036
1860
1733
105
1300
567
91
8
684
1580
268
1305
537
905
1130
1446
876
1149
1936
1809
1416
1852
306
1118
74
1710
1193
1132
304
881
262
86
632
747
1842
1911
1631
1992
1841
733
431
1366
211
725
1598
1147
1811
1792
1995
1272
1535
317
1905
333
2000
1639
1661
363
1806
845
51
368
1894
681
1603
1907
844
1643
1506
509
1613
222
784
80
1759
964
456
409
1673
1881
943
717
626
1681
1629
1785
457
49
396
817
673
1981
572
720
1314
819
1392
1728
679
1924
57
1797
1988
1190
1972
79
223
890
708
1493
1611
894
1242
1048
522
1452
4
1065
1652
1103
1407
1926
1520
1510
1374
404
746
884
144
1944
1361
1886
1277
1737
1475
1844
616
1039
634
837
669
1428
606
261
862
1362
1388
1533
357
1261
1166
617
832
1123
1
623
588
1610
1188
1341
660
953
906
1384
1047
970
1626
1846
1966
1508
348
174
582
1056
1360
1297
687
1677
1950
1539
1378
636
302
95
1252
1741
150
933
849
1815
1290
1179
399
787
1013
500
303
1344
1409
12
1829
1578
219
871
449
361
1647
1962
1426
1061
952
1142
511
1879
1738
249
935
274
1642
1145
1220
650
1946
1826
907
1255
1670
1827
1034
874
1702
1858
914
1838
326
1524
973
922
531
507
1721
1306
568
1593
1068
993
1284
490
563
901
159
1462
586
481
557
688
655
1107
166
309
474
785
1422
313
1447
850
835
678
1112
955
852
128
424
1706
861
798
1854
1577
1938
1425
41
1755
1804
1568
1180
780
13
721
799
1748
1712
1531
1505
1119
1236
1000
559
893
60
797
689
1370
1391
1635
829
1484
1722
958
1884
1275
56
807
1213
1156
1358
172
278
1776
946
373
533
671
670
692
1559
1802
1541
1949
864
517
107
460
1332
1600
1335
83
1545
64
1945
1719
42
259
1942
447
1433
525
1571
756
344
1241
1244
1974
1678
336
638
53
1963
769
813
1465
407
156
1415
1285
209
1583
618
1742
1402
1230
1650
1160
85
712
1092
1327
699
26
1740
1685
1004
217
888
1698
942
1449
892
1503
1069
1978
1333
554
1262
1656
1587
991
1692
1498
1214
550
661
1745
503
178
924
1537
1168
1250
1369
59
1743
666
999
435
727
1634
530
698
573
1803
566
21
1059
392
495
1138
1553
493
976
1323
1458
1006
918
1624
36
191
603
454
1417
499
628
1192
872
1528
1440
555
473
1478
395
245
1522
1098
1948
1414
380
444
1513
992
1208
2001
1557
1075
1223
580
206
398
607
466
740
29
1451
260
562
1996
112
599
1429
1934
1307
1779
1542
1788
1176
583
962
981
903
378
106
518
1928
979
234
134
821
1008
152
1182
1406
110
311
1662
1153
175
243
1143
1566
853
1620
463
1589
923
1861
609
1762
879
1165
124
1249
1967
1516
204
1941
1563
426
1282
1353
167
322
492
356
154
321
6
1412
1217
963
597
67
475
591
1448
479
1893
1614
1621
1913
406
236
1116
545
1693
292
123
340
1534
1689
1887
592
900
255
960
1411
1434
1025
1106
1012
897
1225
1822
885
513
188
1970
1381
1203
43
1567
1377
1683
552
1549
359
1063
1877
372
1199
1668
713
683
658
215
1757
330
676
1421
1015
1357
1667
1127
76
181
663
238
1987
828
1772
1054
1690
3
847
385
1062
1276
1550
1021
1125
1900
590
1431
1994
1291
1247
1637
1454
325
637
1129
836
233
241
1705
316
1468
598
1043
1445
560
851
989
968
936
297
786
391
1888
1228
1529
280
1618
1750
1914
548
1487
1716
1003
1773
305
915
707
773
387
1172
90
652
781
791
312
1029
1209
680
1782
1731
902
1078
1865
32
1480
296
840
1784
1601
694
1419
815
1746
1382
1760
1093
1955
649
1818
1556
1109
1265
589
186
889
1298
1442
909
1851
735
768
299
369
349
1270
1020
1195
294
476
945
521
523
1648
1120
1204
613
1971
869
1732
619
788
990
486
1178
605
45
1700
1349
1405
1594
101
1527
1018
1850
587
722
1304
514
1389
1572
1351
1395
1717
281
1287
81
633
1616
69
1500
270
185
1863
360
1990
750
1028
1701
337
527
1872
987
1982
1973
289
1980
814
809
254
755
1308
761
966
672
1875
130
1688
951
1436
1330
239
287
93
77
624
1009
200
1101
796
760
1489
1342
203
68
445
911
1947
484
743
753
1847
1321
816
1983
251
1315
1612
1157
421
425
1201
443
1666
478
1586
1845
267
1636
358
226
1354
734
1615
33
108
863
1052
1216
926
1032
1937
1260
1490
1862
1318
1975
823
1005
1459
1864
1246
135
1279
1124
1224
604
1240
882
1625
1334
1798
1819
468
848
1695
195
641
875
1363
767
972
138
198
1525
1514
764
1663
1140
1202
1960
1151
1790
1778
1876
640
1184
1345
988
718
464
1274
1257
54
1348
370
696
719
291
1518
63
771
758
1591
1163
1810
1546
1266
102
442
1050
228
581
1390
1215
1080
1367
810
113
16
282
524
1019
265
1707
148
87
39
160
642
880
1175
1312
856
830
1979
352
895
1730
1074
1596
345
157
1046
1045
1856
716
300
405
1234
1155
1807
1280
662
310
961
1294
621
1212
116
78
158
1189
1622
1835
1659
1171
386
659
975
1027
127
212
1715
704
1463
173
354
1880
794
838
1617
1326
686
792
1483
1857
1235
1789
308
1194
290
1878
803
1922
635
772
1404
1869
1079
1042
38
700
1570
208
1579
1711
371
1703
1657
487
1986
910
1251
480
754
1169
1576
783
858
332
1641
985
1457
1057
329
921
896
1939
455
1906
812
483
58
653
1464
285
11
163
307
250
98
129
1714
1024
34
1295
496
295
723
854
384
1073
1997
739
1115
793
520
732
1502
1346
1581
374
277
1933
938
413
519
75
1543
1325
1774
1638
820
1523
1833
1959
383
1017
1418
1633
1064
170
870
873
342
916
1867
1375
745
1051
1536
1952
1245
72
751
315
762
1085
752
382
242
1588
534
440
1254
410
252
912
180
1660
133
595
1435
1619
1173
1646
266
177
1469
1473
1077
839
1687
257
1316
1393
706
1573
887
1866
114
1453
462
709
1927
403
1259
346
1476
1848
1726
1691
1943
1821
594
610
418
654
1504
1998
1055
956
857
1022
48
806
100
577
1014
221
275
1565
826
1033
244
264
1628
749
971
1830
1908
1256
805
1263
1515
1697
1671
35
631
1632
1486
1289
1604
1185
984
350
1723
497
904
846
841
283
980
355
702
1385
1582
1777
1420
1444
1002
983
1148
561
1956
1957
710
526
982
414
1696
556
1152
1396
1338
978
122
184
1096
1481
1897
1796
19
1164
1902
931
231
691
1551
831
1694
196
379
1174
536
737
954
629
1834
453
965
1552
1082
1122
415
1066
913
1832
967
774
770
1399
273
1491
47
949
1090
471
944
565
1920
1793
1485
232
1918
423
824
899
1769
657
1283
1016
377
1874
1086
1735
1097
1560
428
682
1238
1329
1645
1720
656
402
504
528
1501
347
70
153
1676
1292
934
843
25
1925
1965
1401
1758
1159
88
1161
96
575
1460
1682
1387
1837
161
1718
1258
1585
61
729
1133
1200
169
738
1137
795
1146
551
1010
343
516
401
1271
675
279
1424
364
1602
668
1630
1379
1095
1038
1892
1885
1114
1664
22
802
1496
714
927
92
1456
886
1511
10
422
1786
538
1767
804
240
375
1725
400
1455
1599
1296
877
576
600
1951
1423
1780
1121
994
1398
1904
247
183
18
253
1231
1229
569
801
1734
1365
711
1072
1816
1768
367
73
579
411
1910
1110
1303
1512
1969
574
763
1680
808
646
928
416
1751
1921
1665
189
1930
71
1264
546
1644
1999
998
731
1364
1669
775
1977
214
182
99
701
1840
197
1729
1749
529
1554
1895
1597
353
1675
1007
1058
1756
1232
459
1067
1278
532
1488
1144
1817
950
1466
429
1609
37
9
1031
627
611
596
27
227
1853
1320
674
790
1958
1268
1070
365
855
1831
298
109
397
84
651
451
1964
1627
145
1901
23
625
1859
46
1825
301
1089
1226
388
724
730
320
1177
667
362
171
1211
622
193
427
1191
1679
137
1935
1439
917
1753
685
465
1337
50
1432
1899
1076
126
30
1836
1592
420
1049
1686
1868
216
1319
28
1820
1083
