1310
229
52
1519
564
502
458
286
1509
210
1386
1517
1828
1117
179
1210
865
66
62
192
448
477
1035
1233
55
1150
408
1467
1331
1437
1117
860
452
920
1207
570
1658
1781
14
1555
1651
327
1430
866
697
570
319
441
1961
1564
690
210
190
779
199
736
1736
705
1237
542
1653
89
1495
941
1099
256
1993
1889
776
162
1131
601
1699
1288
1267
1814
1765
741
1183
394
1443
143
94
1355
467
1584
593
164
1752
477
1775
207
779
570
929
1302
1709
748
334
759
728
430
1373
547
1438
1919
1400
1328
147
1248
1301
351
1094
1494
502
335
947
778
553
1896
1311
1410
1141
450
1403
665
1727
1574
1590
115
470
1684
66
1649
647
822
549
136
433
1871
1932
1162
1795
1471
645
436
1343
1023
811
1812
1873
1317
940
293
543
286
506
1526
1150
1104
539
1530
1198
878
1839
1196
818
742
450
284
1044
1011
187
1548
97
1764
225
314
1286
328
1623
1394
865
1222
131
789
782
1221
959
1084
515
1989
1134
1763
1931
24
1394
1477
235
1397
1813
1100
1538
547
1575
1313
697
229
602
891
324
930
7
1954
1479
1794
1474
540
1991
1026
1561
366
1040
1870
218
1783
1281
612
1724
1309
1040
1248
408
314
766
1562
331
1105
1953
1595
1890
1087
1882
2
1227
664
1001
40
230
1903
744
1800
1704
1653
630
491
119
494
1799
1162
1940
162
176
1499
996
1672
142
1558
1091
1569
258
263
1352
974
1940
1126
339
543
1081
1787
1243
867
1976
434
1903
1105
1547
1495
1413
412
1461
639
818
1376
1331
765
898
1843
1060
925
248
508
461
132
693
44
1205
1135
472
1206
452
15
146
1450
1293
121
469
139
1855
65
1761
677
146
1053
488
571
1371
995
439
1105
271
1482
1916
1808
1170
1181
969
498
1607
969
1654
834
390
194
199
1350
883
726
868
842
957
1770
1494
111
1380
1339
1324
202
125
825
1492
695
1640
1765
224
510
393
390
1099
919
288
865
376
571
948
512
1791
1891
155
908
1655
1765
1754
1128
201
104
1336
1108
1713
31
1985
192
1898
1544
1739
485
341
833
995
986
438
1771
822
1849
121
338
777
5
800
544
1898
1606
1608
932
585
867
1427
1961
1497
1605
1139
1356
1472
997
318
389
608
446
1984
120
1187
1507
1111
125
1532
643
118
103
1197
977
1030
1883
1747
1088
323
117
1968
1041
165
1744
381
141
1219
140
1383
1766
482
827
246
1929
1824
1167
505
1186
1218
82
1269
168
859
1347
1196
1158
1071
648
1915
535
419
1372
1467
644
489
544
811
269
1376
1322
615
937
648
1903
1540
1917
149
20
939
1273
1154
205
151
1102
437
1037
544
272
1912
715
1805
141
1801
501
757
584
324
898
1708
1113
1441
620
1253
1653
1340
1084
17
1368
1674
1136
614
1909
1359
213
1923
1799
276
542
237
1823
220
1521
1134
319
558
578
1239
432
1470
703
417
1408
1299
1747
541
1036
1001
515
1855
1860
1733
105
190
1300
868
1699
567
91
8
684
1580
268
1305
537
331
1519
905
1130
1446
876
1149
20
230
155
1936
1809
1416
1852
306
1118
74
1710
757
1193
1132
304
881
262
86
632
747
1842
1911
1631
1992
1763
82
1841
733
431
1397
512
1366
211
725
1598
1147
1811
1792
833
1995
1272
1535
317
1896
1905
485
1771
333
2000
1639
1661
363
1806
845
51
368
1509
1894
681
1603
1907
844
1643
1372
1770
1506
1661
509
547
327
1613
1437
222
784
1787
80
1759
964
456
409
1673
1881
943
717
626
1681
1629
1785
467
457
49
1352
396
817
673
571
1771
143
1981
1584
572
720
1314
1044
819
1392
1728
1099
679
1924
57
237
1797
1988
535
366
1190
1972
544
79
223
1222
890
708
1493
1611
643
894
1242
1048
237
789
1843
1181
390
522
91
1452
894
4
1065
1896
1652
1103
1407
1474
1926
1520
1510
1374
404
746
884
144
1944
1361
1886
677
1277
643
1359
1737
256
1475
1844
616
1039
634
1366
837
669
825
1428
606
1136
261
393
862
1362
1926
777
1388
1533
1849
357
1261
1166
617
832
1123
1708
1
623
588
431
881
1610
1188
1243
1341
660
953
905
906
1384
438
1047
970
1626
1846
1966
1631
1508
348
1350
174
582
1056
1360
1297
1269
687
192
1677
1950
1539
482
1378
636
461
1652
408
302
51
95
502
974
1252
1741
1574
150
933
849
1815
1290
1179
399
1472
1427
787
1013
819
500
303
1344
1409
12
1829
1538
1763
1578
1814
219
1595
871
449
361
1647
1962
1426
1061
952
103
1142
511
1879
1738
249
935
274
1642
952
1368
1088
1145
1220
650
1946
1547
1826
907
1255
1670
1474
1827
1034
874
1702
1858
1123
914
1838
326
1524
1765
973
922
531
1540
507
1721
1306
568
1569
1593
1068
993
1284
490
563
901
159
1462
586
481
557
688
655
1829
1107
166
284
309
474
785
1422
313
1447
439
132
850
835
678
1112
955
852
128
424
1706
861
798
1854
1577
1197
1938
1425
41
1755
1804
1568
1180
780
977
13
1931
721
612
1544
799
1748
1827
1953
1712
859
1103
1531
1505
1119
1639
1236
1839
452
1000
450
559
893
995
60
797
689
1370
1391
1635
829
1484
339
1722
958
1884
262
1275
1094
56
1858
807
1213
1156
1358
56
172
1317
878
278
1776
946
373
103
533
777
671
434
932
670
692
1559
1802
777
570
1541
1949
1704
864
517
1710
168
964
40
1535
1105
107
1950
717
460
1332
141
1600
1961
1335
83
1545
64
1945
507
409
1719
42
1273
313
489
259
970
1372
235
1156
1942
447
953
1433
525
1571
756
344
1241
1244
1974
1532
1472
235
1593
1678
336
1976
638
222
1186
53
1903
639
1180
1388
1860
1963
769
813
1929
1465
407
156
1213
1415
1702
1285
498
209
1428
1583
618
1742
1402
1230
1650
248
1631
1160
1603
85
712
1092
878
1355
759
142
1037
1327
699
26
1740
861
1685
1004
217
888
1968
742
1302
1826
1698
942
1449
314
892
361
1503
1069
1978
1333
554
1262
1656
1884
1103
1587
991
953
893
1692
1498
1214
550
661
1745
503
1702
1915
178
572
1806
924
500
1537
952
1168
1250
1369
777
689
59
1013
1743
666
373
999
435
727
1634
530
698
573
1803
1221
1437
1803
566
1139
21
1059
1942
392
176
495
1475
833
1001
1138
1553
493
1415
976
1323
1458
1006
918
1624
36
191
603
454
829
1417
499
628
1360
1192
756
970
1134
1088
705
872
1528
1128
678
721
1440
930
555
628
515
473
248
1478
395
647
245
1522
1098
1948
1561
1414
380
393
444
1513
992
567
1484
1208
2001
1557
1075
1223
580
206
1706
398
607
466
740
368
620
29
1451
1094
260
562
94
1996
112
1134
599
1429
1934
259
1307
1779
1542
1006
211
1788
26
1176
583
962
981
903
698
378
1978
106
518
1928
1765
979
234
1684
134
821
1008
152
1182
1290
1406
110
311
306
1662
1153
1944
623
175
509
243
1143
1566
853
1242
1221
1620
1267
463
1589
1071
780
923
1861
907
609
1762
1206
879
626
1165
1272
124
1249
1967
1516
204
1941
1563
426
1282
433
542
1353
167
322
492
356
1131
154
321
6
837
923
1412
1217
963
597
67
475
591
1448
580
1440
1761
930
146
1408
479
1893
542
1614
1621
1281
1208
1355
1647
1913
406
871
236
1116
461
1327
306
1861
545
1693
292
147
123
340
1624
630
1219
1534
1689
1166
1887
592
900
255
960
1411
623
1434
825
1931
558
1025
1106
1012
897
165
1225
82
1822
885
1505
661
1237
513
53
188
469
1970
1381
1713
1763
1179
1203
1948
43
1567
1377
1683
552
1181
83
1563
1549
359
964
1063
1335
906
1877
570
372
1199
893
1301
1668
1008
1985
187
963
713
837
683
658
1373
215
1757
330
676
844
1421
1015
591
1357
1936
821
1667
1558
1127
76
932
181
645
517
663
238
1987
1583
828
1772
1054
1690
3
1347
1781
1112
947
847
112
385
1062
741
1276
1550
1021
1281
906
1557
106
417
547
1125
269
1900
590
898
1804
1431
993
249
60
1994
1291
1247
1637
491
1454
325
637
1129
29
1132
836
191
461
1724
1870
233
946
1940
241
1327
1705
316
1021
1911
1468
598
1043
1445
560
851
1710
989
968
500
936
1129
297
786
391
1888
1228
1041
1529
1801
280
1770
143
566
1583
1618
1750
850
697
1914
1614
1040
548
1681
6
580
1487
612
1716
1203
1188
1352
1003
1773
305
915
1104
992
707
681
1131
1563
1113
773
933
1911
660
1781
387
1429
490
1172
785
479
1754
1589
842
90
652
1526
969
1445
1871
1662
781
791
1360
1623
1681
1336
312
1015
1976
76
259
1029
1978
1209
680
1782
206
1791
1731
902
205
1078
1865
936
32
1480
296
840
1784
1341
1987
317
154
962
1601
1985
543
694
1277
1419
815
1331
165
1745
673
1746
1382
1760
1093
779
1955
649
1284
1472
1818
1556
1000
1787
1109
74
1265
141
481
1293
1402
1887
589
466
1530
186
889
202
1558
1298
1442
1788
206
909
341
1422
614
1851
60
95
665
1631
115
601
735
768
883
299
501
1088
844
1160
1397
1624
369
349
359
162
1249
1784
784
1270
1400
494
1020
1870
1195
294
476
945
1307
521
942
523
1366
20
1841
1648
953
1846
590
1388
1120
324
152
905
1936
708
1204
613
1309
1971
869
1414
513
936
1732
619
408
788
1748
990
219
486
782
1172
736
1178
606
1433
605
45
1700
1349
811
563
17
1160
1772
1405
1594
1526
1994
101
1865
1242
1527
1018
1706
1852
1850
587
1589
1637
472
1244
1643
722
449
1304
390
1272
514
1389
1548
1477
1572
1351
1395
1717
281
1287
199
1851
1286
1324
81
633
1616
903
69
1187
748
1500
270
185
1863
605
670
1531
851
360
412
271
1611
1105
1795
1990
750
1088
1028
1871
559
1701
337
527
1872
1689
1934
987
1982
1652
605
1529
1783
694
1648
236
960
1973
155
289
1545
1980
463
1762
1386
1484
1382
814
1981
1733
1648
1142
750
185
1620
809
29
542
1099
254
932
755
1378
1534
1377
537
1198
781
1685
1308
1926
761
222
1383
479
966
52
1269
1811
1932
1150
672
1875
1250
454
1327
130
1302
1688
951
1863
1436
619
1330
837
239
287
93
1938
77
624
1009
238
200
481
1818
1101
278
796
930
760
1374
1945
1522
1427
1938
1107
859
1203
1521
1489
317
1814
850
1342
203
1708
1003
1261
836
1924
1949
573
68
1414
759
445
909
911
1947
484
1752
743
204
1405
753
1116
1847
1321
735
125
816
566
389
1983
251
1944
1737
1688
932
188
1358
435
1315
1310
1223
1989
44
104
1612
684
499
258
1612
1157
421
141
1700
1568
1136
425
1201
443
1666
1782
478
673
1586
303
1616
1845
1221
6
568
1759
297
267
1107
514
1636
358
226
1354
1775
53
270
31
734
1618
1615
488
1206
664
33
357
544
108
260
1520
863
1078
233
1528
131
976
919
1594
742
1052
1216
224
926
1032
454
1937
1260
89
1490
1605
1862
1776
1350
1068
618
939
1318
1975
64
125
981
1736
823
874
1406
222
1005
1459
1864
909
151
1842
166
660
1246
304
135
259
564
1279
1297
1199
1124
1459
666
781
1224
1087
604
930
1036
1240
882
204
1625
1438
235
1747
1341
1334
1798
1575
1130
1477
1773
441
881
925
1819
468
848
695
1695
929
817
852
1495
195
641
875
641
1363
523
767
1953
313
1407
1891
972
138
187
1704
175
191
885
198
1525
1514
764
1663
267
1140
123
1202
1960
1151
1151
676
1373
251
842
725
1790
1363
1928
1537
867
1778
1876
1477
106
1984
590
1230
640
721
213
1184
1040
436
317
1345
988
460
1736
222
718
1732
1140
753
236
1562
571
1176
464
1654
879
1731
1149
1996
1572
1677
1274
1257
1383
1317
1141
54
1248
1903
1348
1699
1421
548
60
370
560
1440
1562
633
1888
696
719
13
372
1782
294
1160
1347
821
143
291
1518
1297
1991
63
188
1529
1087
441
771
860
930
699
323
758
639
1478
665
1591
1929
1163
1222
174
1810
108
319
323
1546
1266
102
1381
168
558
908
1356
869
995
1244
906
849
560
442
1547
1050
234
707
881
228
581
1389
1390
1215
997
1080
1367
632
94
452
810
1228
113
16
419
618
1937
433
1572
282
1566
524
593
672
246
16
1019
1530
882
360
265
779
1091
1442
472
1025
1145
1707
1369
1652
726
148
814
1765
1520
87
894
39
942
1887
160
1766
642
1180
880
1175
829
1454
1312
856
593
236
830
43
1979
666
352
1642
1941
1266
943
1704
1413
1884
742
181
895
1730
217
499
893
1207
821
1074
162
811
1783
636
1528
696
454
683
1596
345
157
1046
1297
234
1087
1045
398
1856
1590
716
720
1490
1963
1678
1322
1670
303
484
211
300
525
405
356
1234
314
1557
1555
1343
155
363
1949
1583
1287
1012
951
1546
1155
1557
1187
920
1395
1893
1807
1157
1317
1302
1280
662
1770
1989
1285
648
310
901
140
961
906
1294
621
1631
563
1212
116
721
1040
152
636
946
926
78
117
756
1704
588
158
1321
1770
1752
185
1260
1217
1039
788
948
1189
1136
1955
1622
1514
1835
85
922
1862
1659
1171
1335
386
659
1240
975
1027
309
1962
127
923
212
1661
1842
1715
704
1463
173
1034
1324
354
81
508
1450
897
900
1074
1071
1249
326
746
764
1880
580
794
838
1587
693
1391
1225
108
1617
1293
1326
686
135
676
194
1143
1390
792
582
517
1483
1745
1345
1976
1857
1235
1789
308
683
167
1194
1360
290
1878
717
636
1982
1344
1431
1357
803
265
1219
1452
1922
174
635
1145
772
1318
1622
673
1666
262
1373
1440
1698
1940
1514
1404
1869
1079
192
1324
1374
868
1042
742
38
743
633
370
1948
439
700
1941
1570
996
394
464
282
318
159
606
1730
1615
208
1040
1579
1106
1711
1513
1810
1079
78
1356
690
1795
1570
1266
269
1224
772
316
333
371
1703
1419
1580
1280
1657
1849
340
1477
897
90
842
747
1386
1474
487
1986
910
1251
584
1541
1534
1606
920
480
1094
490
634
1978
1657
1607
961
1852
1711
398
754
1390
1940
1169
903
946
1576
578
1594
783
1030
1081
858
1979
332
1673
409
1641
1239
284
1788
513
107
1314
985
1791
761
1136
1914
211
1457
1733
1057
1744
256
584
172
1563
329
559
921
1855
1052
302
1702
896
188
1939
1865
455
1673
924
1812
716
1906
55
850
110
812
1029
766
483
791
168
768
460
58
653
1907
203
1719
1464
1332
687
1621
300
282
79
588
1879
1700
968
1426
1703
285
1555
1445
961
919
1261
11
1856
163
39
525
442
1711
307
1124
1926
1490
1247
1081
867
228
1590
591
487
617
250
98
489
860
1309
1626
1276
937
129
228
1714
1854
1024
1223
1098
34
1295
1056
1178
496
1472
295
597
880
4
1260
723
493
1169
854
384
1361
1369
176
1073
1997
739
139
1953
1078
1115
1040
1611
1040
1135
42
800
1789
963
90
1302
793
765
520
1531
34
732
1615
139
707
494
1502
1346
1287
213
1581
1192
1506
1550
681
274
91
722
1119
694
1667
1317
359
1701
1596
1403
952
1425
981
1294
374
1662
277
130
1467
1590
1933
938
76
601
413
90
1621
409
1815
86
647
1912
636
1056
816
1670
1113
970
519
75
1543
1325
392
586
732
1766
1600
98
1774
1343
680
560
255
1638
754
895
1822
820
1523
901
1833
1959
792
695
1995
383
1017
1418
1019
753
1893
1633
1064
547
1641
170
1490
870
162
882
1234
1685
370
1118
602
658
211
164
672
1354
606
628
914
1235
1470
873
342
1413
910
720
916
87
1489
1782
1867
723
1260
891
563
1310
1621
1942
118
154
1375
1306
832
745
1051
1641
1536
1392
328
1952
64
293
1739
1245
1389
1601
898
72
259
138
484
1595
1322
751
742
785
1945
1162
67
1240
315
1391
922
1944
760
762
910
1563
158
1176
282
1085
752
816
644
1331
571
512
1968
233
54
1507
382
1023
1061
793
1871
1151
242
537
1588
534
1442
914
440
1254
585
1422
1877
1006
410
252
278
1747
152
926
354
1841
1461
912
180
1660
1397
1982
1732
655
1368
712
1454
133
1127
1111
595
1826
615
1744
323
1458
1454
1900
1435
1307
357
1626
741
1042
460
249
412
1623
285
485
1619
1012
54
740
1135
1173
756
958
1646
1130
266
1254
1811
177
135
634
816
1469
1473
981
1077
842
1576
839
1687
1178
152
257
1992
650
1316
152
922
955
1393
1060
706
263
1799
1698
1598
1130
1311
1204
373
1573
1979
265
887
1030
1866
1779
114
1703
255
1062
314
623
338
332
661
1915
1453
462
709
1941
1927
1063
1833
582
1733
162
514
403
1301
1959
1129
563
257
1281
621
1259
1093
192
1030
1313
346
1213
1929
1190
316
351
1350
1279
1476
1848
1240
692
1726
1893
1155
85
1691
1770
59
167
94
1943
1314
1580
1182
543
1334
432
1571
1172
854
1266
1309
63
1020
1821
1285
1118
594
1315
1960
619
990
502
1649
1654
1403
832
610
929
150
1411
123
324
901
852
992
952
418
697
1243
295
641
1765
1472
654
1504
1763
708
1998
817
268
1558
759
1055
1151
218
654
496
956
251
548
921
508
289
199
104
595
1937
787
1770
1261
857
509
1972
1773
1848
328
1667
671
1913
1184
1477
641
389
1563
327
1021
1055
957
1022
1801
632
1019
48
185
1936
806
1036
937
1980
494
441
1195
723
100
104
577
1014
1224
1808
1727
1340
1378
964
586
1100
17
1736
221
883
275
1808
542
1490
750
1565
826
750
93
821
105
1168
1151
399
743
1134
592
151
792
1033
923
1566
1127
573
1691
1277
1394
1252
244
264
1997
199
807
765
1628
695
1143
1923
749
1547
296
408
1234
1043
823
1025
83
93
80
281
1462
683
1647
971
1064
936
306
1242
1830
1056
287
672
1908
1256
653
333
805
1263
1515
1726
613
1216
689
1039
1697
1044
1091
1004
1452
1153
614
973
1671
35
755
679
1380
225
854
1196
631
1632
1841
1486
1787
1410
1289
55
1223
972
544
1981
1343
1604
1991
1590
1185
1183
467
1478
106
1196
984
350
1074
1289
1477
1270
1587
1723
779
303
1683
1395
497
65
1173
1942
1435
226
391
39
904
643
858
311
846
1415
418
841
1028
1588
1253
1886
966
1788
1738
1507
1490
128
1446
283
1063
425
1149
666
1357
980
1077
772
643
1960
355
942
1869
1092
702
1119
726
1385
1582
1777
1477
1395
1318
1646
1420
542
1250
992
394
1961
505
572
1143
612
461
1929
1993
610
1580
592
1444
425
1414
1444
1002
650
983
715
1148
1913
1914
1629
1478
561
590
250
1175
1386
1113
778
1835
809
1677
707
1956
1584
1648
300
595
87
590
1957
1463
162
710
1893
906
1344
526
1531
982
439
414
1696
1104
556
1911
1152
1426
557
282
224
1261
1518
1202
491
497
104
1372
1854
1088
463
1307
477
108
206
847
677
1470
968
206
1396
1579
282
11
1976
1128
1903
324
834
1338
1915
1804
1799
975
978
1333
409
1549
1975
589
658
585
1323
122
1860
1575
184
1336
1176
476
1096
1513
1481
1742
1919
77
1871
1888
359
856
1807
1716
361
1913
1884
75
1713
814
1614
1015
382
1919
1534
1971
1787
1897
593
1796
77
19
612
1164
1235
220
1902
687
583
931
1314
1113
1074
1012
1822
1923
275
1743
1033
959
559
395
1657
231
678
333
1498
940
1328
527
1472
382
29
1509
691
1620
605
1163
1382
1551
396
360
1252
1754
1309
1838
831
1694
876
1056
672
178
821
1371
196
379
288
978
663
1917
509
14
535
786
483
915
1544
547
1954
676
619
1193
1481
1174
24
536
1339
737
1419
484
128
1368
243
954
629
328
831
1406
1030
1891
1834
1819
1441
1577
637
1414
241
1309
1877
1927
605
753
1259
453
449
1961
274
980
314
932
1532
1241
766
852
1438
1125
1870
965
1552
1101
1643
1361
1691
448
1561
507
1394
1546
1221
1789
1613
168
1077
915
1082
1442
741
160
1879
1156
230
127
1698
1122
1850
1036
415
1173
1100
307
337
672
1750
1066
905
239
1394
421
1469
1195
1002
187
1841
1046
913
1657
114
929
271
1052
851
936
1155
119
1145
947
1378
1653
632
1482
45
811
522
1673
7
1528
447
1185
150
93
868
706
1435
131
1109
124
1915
1832
142
1913
967
65
588
838
369
1575
278
1569
1314
1494
1323
1974
861
767
1826
784
919
1781
1879
1858
774
770
165
1399
1975
1356
1792
1105
273
1339
1762
713
243
366
1101
805
1084
261
1491
457
1710
8
1549
47
612
949
1380
1473
1116
869
1090
777
1687
471
507
944
709
318
565
387
1920
1793
1485
1568
232
66
1658
1353
859
1260
1569
1918
1810
1821
33
493
423
138
207
1217
69
915
1225
1377
1441
1787
100
502
1517
91
824
899
480
1106
445
1545
1769
1590
116
287
1032
593
480
1671
1877
1499
1180
654
1183
1225
1583
1378
1677
657
486
619
1795
294
1353
1068
453
847
616
564
125
1141
1943
1212
1802
1506
1867
359
1283
1391
875
1139
1016
97
1992
706
1929
1318
1375
781
1610
1075
653
1427
853
837
306
615
771
377
1546
1102
970
494
1740
462
616
1757
1450
296
1651
949
1874
119
1152
846
1983
854
1142
1086
275
796
498
523
417
677
1325
162
1889
922
1735
760
190
1097
1484
1699
391
106
550
773
1380
1239
1235
81
1790
150
386
1648
1560
1204
1484
1376
1145
445
982
428
1781
1858
682
621
1960
1862
32
434
1920
390
1971
1519
241
1530
1545
981
1873
497
1425
1238
1442
419
813
1875
491
1131
659
1589
580
780
955
1093
1329
736
632
536
737
1051
1808
1019
955
202
1645
1480
962
1560
1720
656
1873
417
760
641
848
94
1153
1770
454
1519
299
34
535
1134
1915
1197
1187
1475
856
605
313
402
676
472
778
1167
1707
504
1023
1128
1341
1933
1403
692
528
1564
1683
1001
1980
1482
1315
1515
1005
944
345
1501
1629
722
347
287
1476
1120
1001
377
1878
1822
1111
1315
1961
121
1074
70
1719
1735
153
1936
1676
1369
100
1566
14
845
282
1726
1292
474
140
1449
310
19
448
1036
934
765
124
1266
1307
1366
1913
1263
1870
990
1351
1000
33
14
1090
1130
843
25
35
1085
1480
563
1098
588
36
1029
1666
1430
1381
882
1652
1925
1864
368
220
1881
198
1074
305
494
394
1270
1079
517
1670
726
548
1629
813
162
765
1965
832
941
1158
499
1428
463
615
1401
1696
1737
166
1339
1758
1331
1556
65
192
831
777
773
1132
975
115
1305
20
1440
351
170
1024
1732
889
1321
1607
679
1159
1758
1995
196
1833
1082
1883
88
471
433
1846
1778
1418
1818
1161
974
556
96
1893
153
1402
1896
575
1842
1113
1155
1348
68
368
1903
1742
645
33
1970
425
1203
296
1541
1681
1460
1682
816
1903
158
613
333
1155
493
1161
1710
1740
797
1387
1837
1108
680
787
1548
1515
287
1619
1412
1484
161
1026
1527
1996
709
110
201
896
476
1718
156
698
1240
1575
1258
1956
1220
813
1985
1585
669
61
1299
560
1605
923
1005
468
729
1133
1928
769
885
381
1393
1200
1354
779
176
1582
1267
605
1635
505
1461
151
169
549
316
779
1458
1606
1299
316
1515
798
649
739
219
188
11
1932
632
911
738
1560
553
210
272
179
384
883
920
1141
1137
1050
836
212
54
184
725
1136
191
1223
1225
1607
665
1769
789
26
598
848
795
1596
174
1485
1846
1146
1854
498
1172
1068
348
1404
780
348
285
551
617
550
1010
299
130
343
891
566
863
614
992
1603
158
740
516
1934
506
1477
1281
1016
1217
1263
401
938
220
278
624
14
1944
811
681
1724
1271
779
1647
1766
675
902
686
882
1671
1687
1761
1334
1996
1218
279
616
657
1236
1941
1424
412
982
644
364
1976
816
1984
654
597
1506
1424
1297
1006
1982
1180
1602
497
668
771
575
1673
1610
805
748
234
1909
1155
410
1213
1118
369
1397
1573
1127
56
1952
1490
946
1932
1451
430
898
1634
597
1703
1419
142
1678
1737
1630
1629
838
1379
1023
286
1298
621
496
518
1349
316
1465
867
1617
773
152
920
1225
982
1193
821
1095
1038
1892
1885
1782
1417
857
1114
76
1620
1984
737
1437
1834
1664
1100
1217
1307
1873
175
224
1575
509
1347
1362
728
341
1326
1255
91
1154
1322
1388
1325
819
1981
1542
680
1978
1631
882
217
22
202
530
455
1046
1530
1063
1143
1189
1409
1179
453
913
767
802
949
1582
1392
1206
1415
1025
309
707
51
989
215
606
852
1886
1970
176
238
1703
1927
1496
291
714
639
703
933
1607
424
1068
990
714
976
200
898
1479
1427
927
654
138
615
92
1660
1456
236
47
1740
703
1328
224
1387
1639
337
1905
1517
500
1057
358
1131
328
678
1147
874
1963
947
475
1634
830
1290
378
382
1312
1347
886
811
60
1511
1258
1809
405
921
1213
880
797
10
1444
440
422
571
1541
1442
1657
1631
129
1183
209
1638
1786
1100
383
750
668
404
938
234
538
1374
1767
1003
1081
1979
1309
642
1223
796
1252
804
1203
234
713
721
1732
938
1265
354
1667
1380
1446
1640
610
1882
1259
1209
174
1377
275
642
242
489
626
240
375
765
1421
290
1047
796
857
1222
283
1178
786
867
381
997
1302
1101
1421
1883
1322
1907
355
1137
342
1003
592
288
384
645
1725
924
1269
110
1773
736
1950
20
993
280
400
1670
787
1974
1151
1036
1338
1014
838
1403
1008
852
1455
1721
910
1001
343
170
1158
64
1630
1559
452
599
67
563
461
1102
592
345
1599
937
1159
1521
1583
1569
1015
1126
1047
232
1173
234
549
1588
1113
1687
752
1111
1685
1550
86
1557
1473
904
1119
448
871
210
1508
1700
1339
1539
507
610
1792
67
922
539
714
1766
1673
179
900
1773
241
1589
1663
486
430
1661
1511
1205
1412
719
1764
1456
1250
1296
877
340
1262
286
1608
424
1667
424
1650
122
1168
719
1091
576
1223
1104
345
663
1442
600
593
1173
548
1951
1758
1054
1844
1392
1670
196
278
1972
1537
1610
843
1882
122
568
1776
1344
260
1437
1774
272
512
300
1457
660
1697
507
1560
1728
1385
805
1003
292
1183
1296
551
1286
849
769
926
155
1298
1628
1803
1575
191
826
1056
1536
570
1423
1918
1797
756
932
1947
1000
671
1192
6
1780
1586
1735
1501
191
1497
1991
939
1301
1361
1429
734
1742
130
1630
1095
815
447
1983
880
1690
434
1014
550
662
1697
581
692
1121
1184
268
1160
1746
994
1615
704
1832
1398
1562
100
95
204
1283
1606
1714
942
34
255
1904
1757
324
904
935
2
1963
877
415
1411
1863
271
1807
1332
619
326
1791
1911
1796
562
192
1341
739
513
169
762
1361
1851
1329
339
107
812
1282
626
1487
1433
1547
480
880
1343
187
1442
195
